image: /home/nsk/Desktop/project_1/maps/trial.pgm
resolution: 0.050000
origin: [-16.000000, -16.00000, 0.000000]
negate: 0
occupied_thresh: 0.65
free_thresh: 0.196